2.16
2.17
2.19
2.20
2.23
2.27
2.56
2.58
2.59
2.60
2.62
2.63
2.78
5.3
5.8
5.17
5.19
5.23
5.32
5.35
5.42
5.43
5.44
5.45
5.53
5.57
5.59
5.61
5.63
5.77
5.79
5.100
5.101
5.102
5.104
5.128
5.129
5.130
5.137
5.139
5.140
5.141
5.142
5.143
5.144
5.145
5.149
5.157
5.159
5.164
5.165
5.166
5.167
5.172
5.178
5.180
5.181
5.182
5.183
5.187
5.188
5.189
5.197
5.198
5.200
5.202
5.205
5.206
5.210
5.214
5.215
5.227
5.228
5.229
5.244
5.246
5.249
5.250
5.252
5.253
5.255
6.3
6.5
6.6
6.7
6.16
6.20
6.26
6.27
6.32
6.37
6.38
6.39
6.45
6.52
6.53
6.55
6.56
6.57
6.61
6.62
6.63
6.64
6.66
6.69
6.71
6.72
6.73
6.78
6.81
6.83
6.90
6.97
6.107
6.110
6.115
6.125
6.126
6.138
6.140
6.144
6.146
6.147
6.151
6.152
6.153
6.156
6.159
6.161
6.162
6.165
6.166
6.169
6.171
6.176
6.177
6.178
6.179
6.180
6.182
6.185
6.186
6.189
6.193
6.202
6.207
6.211
6.213
6.216
6.231
6.232
6.233
6.234
6.237
6.250
7.1
7.3
7.4
7.5
7.6
7.7
7.8
7.9
7.17
7.18
7.19
7.20
7.21
7.22
7.23
7.24
7.25
7.27
7.34
7.35
7.36
7.37
7.38
7.39
7.40
7.41
7.42
7.43
7.46
7.48
7.49
7.50
7.51
7.52
7.53
7.54
7.56
7.57
7.58
7.59
7.60
7.61
7.62
7.63
7.64
7.65
7.66
7.67
7.68
7.69
7.70
7.71
7.72
7.73
7.74
7.75
7.76
7.77
7.78
7.79
7.80
7.81
7.82
7.83
7.84
7.85
7.86
7.87
7.88
7.89
7.90
7.91
7.92
7.93
7.94
7.95
7.96
7.97
7.100
7.101
7.102
7.103
7.104
7.105
7.106
7.107
7.108
7.109
7.111
7.112
7.113
7.117
7.118
7.119
7.120
7.121
7.122
7.123
7.124
7.125
7.128
7.131
7.132
7.133
7.134
7.135
7.136
7.137
7.138
7.139
7.141
7.142
7.143
7.144
7.146
7.147
7.148
7.151
7.152
7.153
7.155
7.156
7.157
7.158
7.159
7.160
7.161
7.162
7.163
7.164
7.165
7.166
7.167
7.168
7.169
7.170
7.171
7.172
7.173
7.174
7.175
7.176
7.177
7.178
7.179
7.180
7.181
7.182
7.183
7.184
7.185
7.186
7.187
7.188
7.189
7.192
7.193
7.207
7.211
8.209
9.149
9.150
23.35
23.75
23.105
23.111
26.136
31.3
31.6
31.10
31.12
31.13
31.23
31.24
31.25
31.28
31.31
31.40
31.41
31.43
31.44
31.47
31.56
31.58
31.73
31.74
31.84
31.128
31.129
31.130
31.131
31.132
31.133
31.134
31.135
31.148
31.163
31.170
31.172
31.173
31.177
31.180
31.181
31.184
31.186
31.192
31.193
31.200
31.207
31.210
31.211
31.220
31.222
31.228
31.229
31.237
31.241
31.247
31.249
31.250
32.1
32.3
32.4
32.9
32.10
32.15
32.19
32.31
32.118
32.124
32.144
32.150
32.165
32.172
32.181
32.183
32.189
32.195
32.198
32.203
32.204
32.212
32.217
32.223
32.234
32.238
32.239
32.247
32.248
32.255
33.0
33.9
33.12
33.32
33.33
33.40
33.43
33.51
33.53
33.63
33.69
33.76
33.77
33.78
33.86
33.87
33.88
33.92
33.93
33.98
33.99
33.100
33.103
33.111
33.119
33.124
33.128
33.131
33.132
33.134
33.139
33.144
33.148
33.149
33.159
33.169
33.186
33.194
33.207
33.208
33.211
33.212
33.232
33.233
33.240
33.243
33.244
33.255
34.11
34.12
34.103
37.4
37.8
37.9
37.17
37.18
37.28
37.29
37.44
37.46
37.48
37.49
37.60
37.75
37.77
37.78
37.79
37.98
37.110
37.112
37.113
37.128
37.130
37.139
37.140
37.143
37.153
37.157
37.192
37.193
37.194
37.195
37.200
37.203
37.204
37.220
37.221
37.228
37.230
37.232
37.233
37.235
37.252
38.60
38.99
38.180
42.228
43.109
45.8
45.9
45.10
45.11
45.12
45.15
45.38
45.66
45.67
45.80
45.81
45.82
45.83
45.84
45.86
45.87
45.89
45.90
45.91
45.92
45.93
45.94
45.95
45.128
45.129
45.130
45.131
45.132
45.134
45.135
45.136
45.137
45.138
45.139
45.140
45.141
45.142
45.143
45.144
45.145
45.146
45.147
45.148
45.149
45.150
45.151
45.152
45.153
45.154
45.155
45.156
45.157
45.158
45.159
45.195
46.0
46.8
46.16
46.17
46.18
46.19
46.20
46.21
46.22
46.28
46.29
46.30
46.32
46.35
46.38
46.39
46.41
46.42
46.43
46.44
46.45
46.46
46.47
46.48
46.52
46.61
46.63
46.72
46.73
46.138
46.146
46.147
46.148
46.149
46.158
46.159
46.160
46.161
46.163
46.164
46.165
46.167
46.172
46.173
46.174
46.175
46.180
46.181
46.182
46.183
46.188
46.191
46.226
46.227
46.228
46.229
46.232
46.233
46.235
46.236
46.242
46.243
46.253
46.254
46.255
47.80
47.246
49.12
51.250
52.30
62.3
62.32
62.33
62.61
62.63
62.64
62.69
62.76
62.78
62.84
62.89
62.105
62.109
62.112
62.113
62.117
62.118
62.122
62.128
62.133
62.140
62.141
62.148
62.152
62.154
62.155
62.156
62.157
62.158
62.159
62.161
62.162
62.163
62.164
62.165
62.166
62.167
62.168
62.169
62.170
62.171
62.172
62.173
62.174
62.175
62.176
62.177
62.178
62.180
62.181
62.182
62.183
62.184
62.185
62.186
62.187
62.188
62.189
62.190
62.191
62.192
62.193
62.194
62.195
62.196
62.197
62.198
62.199
62.200
62.201
62.202
62.204
62.205
62.207
62.209
62.210
62.211
62.212
62.213
62.214
62.215
62.216
62.217
62.218
62.219
62.220
62.221
62.222
62.223
62.224
62.225
62.226
62.227
62.229
62.230
62.231
62.232
62.235
62.236
62.237
62.238
62.239
62.240
62.241
62.245
62.247
62.248
62.249
62.250
62.251
62.252
62.253
62.254
62.255
63.1
63.2
63.4
63.5
63.6
63.7
63.9
63.10
63.12
63.14
63.15
63.16
63.17
63.19
63.20
63.21
63.22
63.23
63.24
63.26
63.30
63.32
63.33
63.34
63.36
63.37
63.38
63.39
63.40
63.41
63.43
63.44
63.45
63.46
63.47
63.48
63.49
63.51
63.53
63.54
63.55
63.56
63.57
63.58
63.59
63.60
63.62
63.63
63.64
63.67
63.68
63.72
63.73
63.74
63.75
63.77
63.78
63.83
63.87
63.88
63.89
63.90
63.92
63.93
63.94
63.96
63.97
63.98
63.100
63.101
63.102
63.103
63.104
63.106
63.107
63.108
63.110
63.111
63.112
63.113
63.114
63.116
63.120
63.121
63.122
63.123
63.124
63.125
63.127
63.128
63.130
63.131
63.133
63.136
63.137
63.138
63.141
63.142
63.145
63.146
63.148
63.149
63.150
64.188
66.177
66.178
66.253
72.56
74.125
77.34
77.35
77.37
77.39
77.40
77.41
77.43
77.45
77.50
77.51
77.66
77.73
77.74
77.75
77.79
77.82
77.83
77.87
77.88
77.91
77.93
77.94
77.95
77.105
77.106
77.108
77.110
77.220
77.221
77.222
77.223
77.232
77.233
77.235
77.236
77.238
77.239
77.240
77.241
77.242
77.243
77.244
77.245
77.246
78.24
78.25
78.29
78.30
78.31
78.36
78.37
78.40
78.41
78.85
78.107
78.108
78.110
78.111
78.136
78.138
78.139
78.140
78.142
78.153
78.155
78.157
78.159
78.213
78.227
78.228
79.30
79.98
79.104
79.105
79.111
79.120
79.122
79.126
79.133
79.134
79.135
79.136
79.137
79.140
79.141
79.142
79.143
79.161
79.164
79.165
79.169
79.170
79.171
79.172
79.173
79.174
79.175
80.64
80.66
80.67
80.68
80.69
80.72
80.73
80.76
80.78
80.79
80.82
80.83
80.85
80.87
80.89
80.90
80.91
80.92
80.93
80.94
80.95
80.234
80.237
80.240
80.242
80.243
80.244
80.245
80.246
80.247
80.249
80.250
80.251
80.252
80.253
80.254
80.255
81.1
81.3
81.4
81.5
81.9
81.13
81.17
81.19
81.20
81.22
81.23
81.24
81.25
81.26
81.27
81.28
81.29
81.30
81.31
81.85
81.88
81.89
81.90
81.91
81.94
81.95
81.119
81.123
81.161
81.163
81.164
81.165
81.176
81.177
81.195
81.200
81.201
81.210
81.211
81.212
81.213
81.214
81.215
81.216
81.217
81.218
81.219
81.220
81.221
81.222
81.223
81.224
81.225
81.226
81.227
81.228
81.229
81.230
81.231
81.232
81.233
81.234
81.235
81.236
81.237
81.238
81.239
81.240
81.241
81.242
81.243
81.244
81.245
81.246
81.247
81.248
81.249
81.250
81.251
81.252
81.253
81.254
81.255
82.0
82.1
82.2
82.3
82.4
82.5
82.6
82.7
82.8
82.9
82.10
82.11
82.12
82.13
82.14
82.15
82.16
82.17
82.18
82.19
82.20
82.21
82.22
82.23
82.24
82.27
82.29
82.86
82.97
82.112
82.114
82.116
82.117
82.119
82.137
82.138
82.140
82.142
82.146
82.147
82.148
82.149
82.151
82.162
82.179
82.194
82.196
82.198
82.200
82.202
82.204
82.208
82.209
83.68
83.69
83.97
83.136
83.139
83.142
83.143
83.146
83.147
83.149
83.166
83.167
83.169
83.171
83.172
83.174
83.217
83.219
83.220
83.221
83.222
83.234
83.237
83.239
83.242
83.246
84.17
84.18
84.21
84.22
84.23
84.38
84.39
84.42
84.47
84.52
84.53
84.54
84.201
84.204
84.237
84.252
84.253
85.8
85.12
85.15
85.21
85.26
85.30
85.31
85.88
85.92
85.93
85.94
85.95
85.112
85.113
85.114
85.116
85.117
85.118
85.119
85.140
85.141
85.142
85.143
85.158
85.159
85.172
85.173
85.174
85.175
85.192
85.193
85.198
85.202
85.208
85.209
85.213
85.214
85.218
85.233
85.234
85.235
85.236
85.237
85.239
85.249
86.3
86.62
86.102
86.109
86.110
86.154
87.76
87.103
87.117
87.224
87.225
87.226
87.228
87.229
87.236
87.238
87.239
87.240
87.241
87.242
87.244
87.245
87.248
87.249
87.250
87.251
87.253
87.254
87.255
88.10
88.11
88.61
88.84
88.85
88.86
88.87
88.95
88.96
88.135
88.145
88.147
88.200
88.201
88.204
88.205
88.206
88.210
88.211
88.212
88.213
88.214
88.215
88.216
88.217
88.218
88.219
88.220
88.221
88.222
88.223
88.224
88.225
88.226
88.227
88.228
88.229
88.230
88.231
88.232
88.233
88.234
88.235
88.236
88.237
88.238
88.239
88.240
88.241
88.242
88.243
88.244
88.245
88.246
88.247
88.248
88.249
88.250
88.251
88.253
89.17
89.18
89.19
89.20
89.21
89.22
89.23
89.28
89.31
89.44
89.51
89.91
89.104
89.105
89.106
89.107
89.108
89.109
89.110
89.111
89.113
89.148
89.151
89.169
89.175
89.179
89.185
89.188
89.189
89.191
89.207
89.208
89.218
89.221
89.222
89.223
89.225
89.228
89.229
89.232
89.233
89.235
89.238
89.239
89.248
89.249
89.250
89.251
89.253
89.255
90.150
90.151
90.154
90.156
90.157
90.163
90.188
90.189
91.52
91.53
91.77
91.90
91.103
91.105
91.106
91.107
91.108
91.109
91.122
91.132
91.133
91.135
91.142
91.143
91.144
91.146
91.151
91.184
91.185
91.186
91.189
91.190
91.191
91.192
91.193
91.194
91.196
91.197
91.198
91.199
91.200
91.201
91.202
91.203
91.204
91.205
91.206
91.207
91.208
91.209
91.210
91.211
91.212
91.213
91.214
91.215
91.216
91.217
91.218
91.219
91.220
91.221
91.222
91.223
91.224
91.225
91.226
91.227
91.228
91.229
91.230
91.231
91.232
91.233
91.234
91.235
91.236
91.237
91.238
91.239
91.240
91.241
91.242
91.243
91.244
91.245
91.246
91.247
91.248
91.249
91.250
91.251
91.252
91.253
91.254
91.255
92.0
92.1
92.4
92.5
92.7
92.8
92.9
92.10
92.12
92.13
92.14
92.16
92.18
92.20
92.22
92.25
92.28
92.30
92.31
92.32
92.33
92.34
92.35
92.36
92.37
92.38
92.39
92.41
92.42
92.43
92.44
92.47
92.48
92.50
92.51
92.53
92.54
92.55
92.56
92.58
92.59
92.61
92.62
92.63
92.65
92.66
92.67
92.68
92.69
92.71
92.72
92.73
92.75
92.76
92.78
92.79
92.80
92.81
92.82
92.84
92.85
92.86
92.87
92.89
92.91
92.93
92.95
92.99
92.100
92.101
92.104
92.105
92.107
92.109
92.111
92.113
92.114
92.116
92.118
92.120
92.124
92.125
92.126
92.127
92.128
92.129
92.131
92.140
92.142
92.143
92.144
92.145
92.147
92.149
92.157
92.158
92.159
92.160
92.163
92.169
92.170
92.171
92.173
92.176
92.177
92.180
92.183
92.189
92.190
92.200
92.202
92.205
92.215
92.216
92.217
92.218
92.219
92.221
92.222
92.223
92.225
92.239
92.241
92.242
92.246
92.247
92.248
92.255
93.2
93.3
93.77
93.81
93.88
93.90
93.91
93.92
93.93
93.94
93.95
93.100
93.120
93.123
93.153
93.157
93.158
93.159
93.170
93.171
93.174
93.179
93.180
93.181
93.182
93.183
93.184
93.185
93.186
93.187
93.188
93.189
93.190
93.191
93.192
94.13
94.19
94.24
94.25
94.26
94.28
94.29
94.31
94.34
94.36
94.41
94.42
94.45
94.51
94.59
94.70
94.72
94.73
94.75
94.79
94.85
94.100
94.101
94.102
94.103
94.107
94.108
94.116
94.120
94.123
94.124
94.125
94.127
94.128
94.129
94.131
94.132
94.137
94.138
94.139
94.140
94.141
94.142
94.143
94.146
94.154
94.156
94.157
94.158
94.159
94.160
94.162
94.163
94.164
94.166
94.169
94.170
94.173
94.176
94.180
94.181
94.188
94.190
94.198
94.199
94.203
94.228
94.229
94.230
94.231
94.232
94.241
94.242
94.243
94.247
94.249
94.250
94.251
94.253
95.7
95.30
95.31
95.46
95.47
95.52
95.53
95.54
95.55
95.64
95.67
95.68
95.72
95.73
95.78
95.79
95.80
95.81
95.83
95.84
95.85
95.86
95.104
95.105
95.106
95.107
95.108
95.110
95.128
95.129
95.131
95.139
95.140
95.142
95.143
95.154
95.156
95.161
95.163
95.165
95.167
95.170
95.171
95.172
95.173
95.174
95.179
95.181
95.182
95.183
95.188
95.189
95.213
95.214
95.215
95.220
95.221
95.235
95.241
95.247
95.254
96.168
96.169
97.61
97.80
97.81
98.158
101.212
102.2
102.3
102.30
102.31
102.41
102.45
103.65
103.74
103.76
103.82
103.88
103.103
103.111
103.113
103.139
103.242
104.28
104.109
104.128
104.155
104.166
107.155
109.60
109.61
109.63
109.68
109.69
109.70
109.71
109.72
109.73
109.74
109.75
109.94
109.95
109.106
109.107
109.110
109.111
109.120
109.122
109.124
109.161
109.165
109.167
109.168
109.169
109.171
109.172
109.173
109.174
109.188
109.191
109.194
109.195
109.196
109.197
109.198
109.200
109.201
109.202
109.205
109.206
109.207
109.225
109.226
109.229
109.230
109.232
109.233
109.234
109.235
109.236
109.237
109.238
109.239
109.248
109.252
109.254
111.88
116.201
128.69
128.74
128.75
128.130
128.131
128.140
128.152
128.162
128.167
128.169
128.172
128.174
128.176
128.201
128.203
128.205
128.207
128.210
128.213
128.215
128.216
129.42
130.49
130.193
130.255
133.91
133.92
134.0
134.17
134.19
134.238
135.106
135.136
136.169
137.171
137.174
137.178
137.180
137.184
138.113
138.124
138.204
138.249
139.28
139.45
139.100
140.26
140.31
141.0
141.8
141.98
141.101
141.105
141.136
141.193
144.31
144.206
145.249
145.255
146.19
146.66
146.70
146.120
146.158
146.185
146.190
147.45
147.78
148.253
149.62
149.126
149.154
149.255
150.241
151.236
151.237
151.242
151.243
151.248
151.252
152.32
152.53
152.89
153.22
153.80
154.85
154.205
155.212
156.229
156.238
156.244
157.22
158.46
158.58
158.160
158.255
159.93
159.138
159.194
159.253
159.255
161.104
163.171
163.181
164.138
164.215
165.1
165.154
168.222
168.244
169.28
169.29
169.33
169.51
169.56
169.62
169.68
169.69
169.197
169.220
170.168
171.22
171.25
171.33
173.194
176.12
176.28
176.32
176.53
176.56
176.57
176.58
176.59
176.62
176.67
176.77
176.96
176.97
176.98
176.99
176.100
176.101
176.102
176.106
176.107
176.108
176.109
176.110
176.111
176.112
176.113
176.114
176.115
176.116
176.117
176.118
176.119
176.120
176.121
176.122
176.123
176.124
176.125
176.126
176.192
176.193
176.195
176.196
176.197
176.208
176.210
176.211
176.212
176.213
176.214
176.215
176.222
176.226
177.23
178.16
178.18
178.19
178.20
178.21
178.22
178.23
178.34
178.35
178.38
178.39
178.41
178.44
178.45
178.46
178.47
178.49
178.50
178.52
178.53
178.54
178.55
178.56
178.57
178.58
178.59
178.61
178.62
178.63
178.64
178.65
178.66
178.67
178.68
178.69
178.70
178.71
178.72
178.73
178.74
178.75
178.76
178.77
178.78
178.79
178.80
178.81
178.86
178.87
178.89
178.90
178.92
178.94
178.95
178.97
178.99
178.102
178.104
178.105
178.108
178.110
178.112
178.115
178.117
178.119
178.120
178.121
178.122
178.123
178.124
178.126
178.128
178.130
178.132
178.134
178.138
178.140
178.141
178.142
178.143
178.146
178.147
178.149
178.150
178.151
178.152
178.153
178.154
178.155
178.156
178.157
178.158
178.159
178.160
178.161
178.162
178.163
178.164
178.165
178.166
178.167
178.169
178.170
178.171
178.172
178.173
178.174
178.175
178.176
178.177
178.178
178.179
178.180
178.181
178.182
178.183
178.184
178.185
178.186
178.187
178.188
178.189
178.190
178.191
178.192
178.193
178.194
178.195
178.196
178.197
178.198
178.199
178.200
178.201
178.202
178.203
178.204
178.205
178.206
178.207
178.208
178.209
178.210
178.211
178.212
178.213
178.214
178.216
178.217
178.218
178.219
178.225
178.228
178.232
178.234
178.236
178.237
178.238
178.248
178.250
178.251
178.252
178.253
178.255
179.34
179.53
179.54
179.99
180.40
180.60
180.96
180.97
182.236
182.248
185.2
185.3
185.4
185.5
185.6
185.7
185.8
185.9
185.10
185.11
185.12
185.13
185.14
185.15
185.16
185.17
185.18
185.19
185.20
185.21
185.22
185.23
185.24
185.25
185.26
185.27
185.28
185.30
185.31
185.32
185.33
185.34
185.35
185.36
185.37
185.38
185.39
185.40
185.41
185.42
185.43
185.44
185.45
185.46
185.48
185.50
185.51
185.52
185.53
185.54
185.55
185.56
185.57
185.58
185.59
185.60
185.61
185.62
185.63
185.64
185.65
185.66
185.67
185.68
185.69
185.70
185.71
185.72
185.73
185.74
185.75
185.76
185.77
185.78
185.79
185.80
185.81
185.82
185.83
185.84
185.85
185.86
185.87
185.88
185.89
185.90
185.91
185.92
185.93
185.94
185.95
185.96
185.97
185.98
185.99
185.100
185.101
185.102
185.103
185.104
185.105
185.106
185.107
185.108
185.109
185.110
185.111
185.112
185.113
185.114
185.115
185.117
185.118
185.119
185.120
185.121
185.123
185.124
185.125
185.126
185.127
185.128
185.129
185.130
185.133
185.134
185.136
185.137
185.138
185.139
185.141
185.142
185.143
185.146
185.147
185.148
185.149
185.150
185.151
185.152
185.153
185.154
185.155
185.156
185.157
185.158
185.159
185.160
185.161
185.162
185.163
185.164
185.165
185.166
185.168
185.169
185.170
185.171
185.172
185.173
185.174
185.175
185.176
185.177
185.178
185.179
185.180
185.182
185.183
185.184
185.185
185.186
185.187
185.188
185.189
185.190
185.191
185.192
185.193
185.194
185.195
185.197
185.198
185.199
185.200
185.201
185.204
185.205
185.206
185.207
185.209
185.210
185.211
185.212
185.213
185.214
185.215
185.216
185.217
185.218
185.219
185.220
185.221
185.222
185.223
185.224
185.225
185.226
185.227
185.228
185.229
185.230
185.231
185.232
185.233
185.234
185.235
185.236
185.237
185.238
185.239
185.240
185.241
185.242
185.243
185.244
185.245
185.246
185.247
185.248
185.249
185.250
185.251
185.252
185.253
185.254
185.255
186.0
186.1
186.2
186.3
186.4
186.5
186.6
186.7
186.8
186.9
186.10
186.11
186.12
186.13
186.14
186.15
186.16
186.18
186.57
188.0
188.17
188.19
188.32
188.35
188.43
188.44
188.64
188.68
188.72
188.73
188.92
188.93
188.94
188.112
188.113
188.114
188.119
188.120
188.124
188.126
188.127
188.128
188.130
188.133
188.134
188.162
188.164
188.168
188.170
188.186
188.187
188.190
188.225
188.226
188.227
188.232
188.233
188.234
188.235
188.242
188.243
188.244
188.246
188.247
188.254
188.255
190.241
190.242
190.244
190.247
191.92
191.93
191.253
191.255
192.2
192.5
192.8
192.10
192.11
192.14
192.70
192.109
192.124
192.144
192.145
192.162
193.0
193.3
193.5
193.7
193.8
193.9
193.16
193.17
193.19
193.22
193.23
193.24
193.25
193.27
193.29
193.30
193.32
193.33
193.35
193.37
193.41
193.42
193.43
193.46
193.47
193.53
193.58
193.84
193.93
193.104
193.105
193.106
193.107
193.108
193.109
193.111
193.124
193.138
193.142
193.148
193.149
193.150
193.151
193.161
193.162
193.163
193.164
193.168
193.169
193.176
193.186
193.187
193.188
193.194
193.200
193.201
193.203
193.221
193.222
193.227
193.228
193.232
193.233
193.238
193.242
193.243
193.246
193.247
194.0
194.1
194.4
194.5
194.8
194.9
194.12
194.26
194.28
194.31
194.32
194.33
194.34
194.35
194.36
194.37
194.39
194.50
194.54
194.55
194.58
194.62
194.67
194.76
194.79
194.84
194.85
194.87
194.88
194.93
194.97
194.104
194.105
194.107
194.108
194.110
194.113
194.114
194.116
194.117
194.120
194.126
194.128
194.132
194.133
194.135
194.143
194.144
194.146
194.147
194.149
194.150
194.152
194.153
194.154
194.155
194.156
194.157
194.158
194.159
194.160
194.161
194.162
194.163
194.164
194.165
194.166
194.167
194.168
194.169
194.170
194.171
194.172
194.173
194.174
194.175
194.176
194.177
194.178
194.179
194.180
194.181
194.182
194.183
194.184
194.185
194.186
194.187
194.188
194.189
194.190
194.191
194.202
194.204
194.205
194.207
194.213
194.221
194.226
194.229
194.230
194.242
194.247
194.253
195.0
195.2
195.3
195.4
195.5
195.6
195.7
195.8
195.9
195.10
195.11
195.12
195.13
195.14
195.15
195.16
195.17
195.18
195.19
195.20
195.21
195.22
195.23
195.24
195.25
195.26
195.27
195.28
195.34
195.39
195.42
195.46
195.47
195.51
195.52
195.54
195.58
195.62
195.68
195.69
195.70
195.72
195.74
195.80
195.82
195.88
195.93
195.96
195.98
195.112
195.114
195.122
195.128
195.133
195.135
195.137
195.140
195.144
195.146
195.149
195.151
195.158
195.161
195.166
195.170
195.178
195.182
195.184
195.189
195.190
195.191
195.206
195.208
195.209
195.210
195.211
195.216
195.218
195.223
195.224
195.225
195.230
195.238
195.239
195.242
195.245
195.246
196.8
196.11
196.14
196.15
196.106
196.107
196.110
196.247
199.93
199.100
199.101
199.119
199.121
199.124
199.127
199.132
199.133
199.139
199.146
199.147
200.16
200.18
200.22
200.31
200.32
200.45
200.48
200.53
209.206
212.1
212.3
212.5
212.6
212.7
212.8
212.11
212.12
212.13
212.15
212.19
212.20
212.22
212.23
212.24
212.26
212.30
212.33
212.34
212.40
212.41
212.42
212.44
212.45
212.46
212.48
212.49
212.53
212.55
212.57
212.59
212.66
212.67
212.74
212.75
212.76
212.92
212.94
212.96
212.100
212.104
212.107
212.109
212.111
212.113
212.115
212.116
212.118
212.119
212.122
212.124
212.152
212.158
212.164
212.176
212.188
212.192
212.193
212.204
212.220
212.232
212.233
212.237
212.240
212.245
212.248
213.5
213.8
213.21
213.24
213.27
213.32
213.33
213.34
213.35
213.36
213.37
213.38
213.39
213.40
213.41
213.42
213.43
213.44
213.45
213.46
213.47
213.48
213.49
213.50
213.51
213.52
213.53
213.54
213.55
213.56
213.57
213.58
213.59
213.60
213.61
213.62
213.63
213.64
213.65
213.66
213.67
213.68
213.69
213.70
213.71
213.72
213.73
213.74
213.75
213.76
213.77
213.78
213.79
213.80
213.81
213.82
213.83
213.84
213.85
213.86
213.87
213.88
213.89
213.90
213.91
213.92
213.93
213.94
213.96
213.97
213.98
213.99
213.100
213.101
213.104
213.106
213.108
213.109
213.110
213.111
213.128
213.129
213.131
213.132
213.134
213.135
213.139
213.141
213.145
213.149
213.152
213.155
213.158
213.159
213.165
213.167
213.171
213.172
213.177
213.178
213.180
213.181
213.182
213.183
213.184
213.187
213.189
213.193
213.208
213.210
213.219
213.221
213.226
213.228
213.232
213.241
213.242
213.243
213.247
213.248
216.73
216.74
216.76
216.85
216.86
216.89
216.108
216.111
216.112
216.113
216.114
216.120
216.121
216.123
216.134
216.139
216.140
216.144
216.145
216.150
216.152
216.154
216.157
216.162
216.182
216.186
216.195
216.198
216.210
216.216
216.220
216.224
216.225
216.229
216.233
216.234
216.235
216.236
216.238
216.246
216.247
216.251
216.255
217.0
217.2
217.7
217.8
217.9
217.12
217.13
217.14
217.15
217.16
217.18
217.19
217.20
217.21
217.22
217.23
217.24
217.25
217.26
217.27
217.28
217.29
217.30
217.31
217.32
217.33
217.34
217.35
217.36
217.37
217.38
217.39
217.40
217.41
217.42
217.43
217.46
217.47
217.48
217.49
217.50
217.53
217.54
217.55
217.56
217.57
217.58
217.59
217.60
217.61
217.62
217.63
217.64
217.65
217.66
217.67
217.68
217.69
217.70
217.71
217.72
217.73
217.74
217.75
217.76
217.77
217.78
217.79
217.80
217.81
217.82
217.83
217.105
217.106
217.107
217.112
217.113
217.114
217.115
217.116
217.117
217.118
217.119
217.120
217.121
217.122
217.123
217.124
217.125
217.126
217.127
217.129
217.130
217.132
217.135
217.136
217.137
217.138
217.139
217.140
217.141
217.142
217.143
217.144
217.145
217.147
217.148
217.149
217.150
217.151
217.152
217.153
217.155
217.156
217.157
217.158
217.159
217.160
217.161
217.162
217.163
217.164
217.166
217.168
217.169
217.170
217.171
217.172
217.173
217.174
217.175
217.176
217.179
217.180
217.182
217.184
217.188
217.191
217.192
217.193
217.194
217.195
217.196
217.197
217.198
217.199
217.202
217.203
217.215
217.216
218.0
218.2
218.5
218.6
218.8
218.10
218.13
218.14
218.69
218.72
218.73
220.158
221.115
221.116